File............:   - MAR,07.2019

System..........:  
Control.........:  
Temperature.....:  -0.1+-0.4C
Time............:  MAR,07.2019
Comment.........:  09:56:26 - 10:01:28
                   
                   
                   
                   
Electr.area/sqcm:  
                    
polarization data

Lines:   301
Columns: 3

Number     Time/s     Potential/V    Current/A 
1              0.0     1.2886e-01    0.0000e+00
2              1.0     1.2820e-01    0.0000e+00
3              2.0     1.2757e-01    0.0000e+00
4              3.0     1.2710e-01    0.0000e+00
5              4.0     1.2674e-01    0.0000e+00
6              5.0     1.2660e-01    0.0000e+00
7              6.0     1.2599e-01    0.0000e+00
8              7.0     1.2532e-01    0.0000e+00
9              8.0     1.2540e-01    0.0000e+00
10             9.0     1.2494e-01    0.0000e+00
11            10.0     1.2459e-01    0.0000e+00
12            11.0     1.2431e-01    0.0000e+00
13            12.0     1.2393e-01    0.0000e+00
14            13.0     1.2360e-01    0.0000e+00
15            14.0     1.2336e-01    0.0000e+00
16            15.0     1.2334e-01    0.0000e+00
17            16.0     1.2279e-01    0.0000e+00
18            17.0     1.2248e-01    0.0000e+00
19            18.0     1.2247e-01    0.0000e+00
20            19.0     1.2212e-01    0.0000e+00
21            20.0     1.2186e-01    0.0000e+00
22            21.0     1.2193e-01    0.0000e+00
23            22.0     1.2164e-01    0.0000e+00
24            23.0     1.2136e-01    0.0000e+00
25            24.0     1.2110e-01    0.0000e+00
26            25.0     1.2073e-01    0.0000e+00
27            26.0     1.2066e-01    0.0000e+00
28            27.0     1.2039e-01    0.0000e+00
29            28.0     1.2038e-01    0.0000e+00
30            29.0     1.1997e-01    0.0000e+00
31            30.0     1.1989e-01    0.0000e+00
32            31.0     1.1964e-01    0.0000e+00
33            32.0     1.1949e-01    0.0000e+00
34            33.0     1.1887e-01    0.0000e+00
35            34.0     1.1893e-01    0.0000e+00
36            35.0     1.1890e-01    0.0000e+00
37            36.0     1.1875e-01    0.0000e+00
38            37.0     1.1849e-01    0.0000e+00
39            38.0     1.1857e-01    0.0000e+00
40            39.0     1.1832e-01    0.0000e+00
41            40.0     1.1789e-01    0.0000e+00
42            41.0     1.1764e-01    0.0000e+00
43            42.0     1.1782e-01    0.0000e+00
44            43.0     1.1750e-01    0.0000e+00
45            44.0     1.1731e-01    0.0000e+00
46            45.0     1.1714e-01    0.0000e+00
47            46.0     1.1698e-01    0.0000e+00
48            47.0     1.1687e-01    0.0000e+00
49            48.0     1.1679e-01    0.0000e+00
50            49.0     1.1655e-01    0.0000e+00
51            50.0     1.1631e-01    0.0000e+00
52            51.0     1.1622e-01    0.0000e+00
53            52.0     1.1580e-01    0.0000e+00
54            53.0     1.1585e-01    0.0000e+00
55            54.0     1.1575e-01    0.0000e+00
56            55.0     1.1530e-01    0.0000e+00
57            56.0     1.1536e-01    0.0000e+00
58            57.0     1.1523e-01    0.0000e+00
59            58.0     1.1512e-01    0.0000e+00
60            59.0     1.1605e-01    0.0000e+00
61            60.0     1.1622e-01    0.0000e+00
62            61.0    -1.2873e-01    0.0000e+00
63            62.0    -1.2847e-01    0.0000e+00
64            63.0    -1.2819e-01    0.0000e+00
65            64.0    -1.2816e-01    0.0000e+00
66            65.0    -1.2826e-01    0.0000e+00
67            66.0    -1.2819e-01    0.0000e+00
68            67.0    -1.2838e-01    0.0000e+00
69            68.0    -1.2837e-01    0.0000e+00
70            69.0    -1.2853e-01    0.0000e+00
71            70.0    -1.2876e-01    0.0000e+00
72            71.0    -1.2913e-01    0.0000e+00
73            72.0    -1.2948e-01    0.0000e+00
74            73.0    -1.2976e-01    0.0000e+00
75            74.0    -1.2971e-01    0.0000e+00
76            75.0    -1.3037e-01    0.0000e+00
77            76.0    -1.3026e-01    0.0000e+00
78            77.0    -1.3054e-01    0.0000e+00
79            78.0    -1.3109e-01    0.0000e+00
80            79.0    -1.3122e-01    0.0000e+00
81            80.0    -1.3146e-01    0.0000e+00
82            81.0    -1.3199e-01    0.0000e+00
83            82.0    -1.3205e-01    0.0000e+00
84            83.0    -1.3247e-01    0.0000e+00
85            84.0    -1.3273e-01    0.0000e+00
86            85.0    -1.3305e-01    0.0000e+00
87            86.0    -1.3285e-01    0.0000e+00
88            87.0    -1.3342e-01    0.0000e+00
89            88.0    -1.3362e-01    0.0000e+00
90            89.0    -1.3383e-01    0.0000e+00
91            90.0    -1.3400e-01    0.0000e+00
92            91.0    -1.3418e-01    0.0000e+00
93            92.0    -1.3438e-01    0.0000e+00
94            93.0    -1.3471e-01    0.0000e+00
95            94.0    -1.3469e-01    0.0000e+00
96            95.0    -1.3515e-01    0.0000e+00
97            96.0    -1.3501e-01    0.0000e+00
98            97.0    -1.3551e-01    0.0000e+00
99            98.0    -1.3548e-01    0.0000e+00
100           99.0    -1.3566e-01    0.0000e+00
101          100.0    -1.3583e-01    0.0000e+00
102          101.0    -1.3597e-01    0.0000e+00
103          102.0    -1.3620e-01    0.0000e+00
104          103.0    -1.3617e-01    0.0000e+00
105          104.0    -1.3658e-01    0.0000e+00
106          105.0    -1.3679e-01    0.0000e+00
107          106.0    -1.3708e-01    0.0000e+00
108          107.0    -1.3709e-01    0.0000e+00
109          108.0    -1.3730e-01    0.0000e+00
110          109.0    -1.3715e-01    0.0000e+00
111          110.0    -1.3752e-01    0.0000e+00
112          111.0    -1.3767e-01    0.0000e+00
113          112.0    -1.3788e-01    0.0000e+00
114          113.0    -1.3806e-01    0.0000e+00
115          114.0    -1.3804e-01    0.0000e+00
116          115.0    -1.3828e-01    0.0000e+00
117          116.0    -1.3838e-01    0.0000e+00
118          117.0    -1.3841e-01    0.0000e+00
119          118.0    -1.3868e-01    0.0000e+00
120          119.0    -1.3877e-01    0.0000e+00
121          120.0    -1.3894e-01    0.0000e+00
122          121.0    -1.3908e-01    0.0000e+00
123          122.0    -1.3945e-01    0.0000e+00
124          123.0    -1.3926e-01    0.0000e+00
125          124.0    -1.3967e-01    0.0000e+00
126          125.0    -1.3960e-01    0.0000e+00
127          126.0    -1.3974e-01    0.0000e+00
128          127.0    -1.3991e-01    0.0000e+00
129          128.0    -1.4001e-01    0.0000e+00
130          129.0    -1.4013e-01    0.0000e+00
131          130.0    -1.4042e-01    0.0000e+00
132          131.0    -1.4011e-01    0.0000e+00
133          132.0    -1.4070e-01    0.0000e+00
134          133.0    -1.4027e-01    0.0000e+00
135          134.0    -1.4082e-01    0.0000e+00
136          135.0    -1.4079e-01    0.0000e+00
137          136.0    -1.4111e-01    0.0000e+00
138          137.0    -1.4119e-01    0.0000e+00
139          138.0    -1.4133e-01    0.0000e+00
140          139.0    -1.4129e-01    0.0000e+00
141          140.0    -1.4146e-01    0.0000e+00
142          141.0    -1.4148e-01    0.0000e+00
143          142.0    -1.4182e-01    0.0000e+00
144          143.0    -1.4168e-01    0.0000e+00
145          144.0    -1.4212e-01    0.0000e+00
146          145.0    -1.4207e-01    0.0000e+00
147          146.0    -1.4228e-01    0.0000e+00
148          147.0    -1.4233e-01    0.0000e+00
149          148.0    -1.4226e-01    0.0000e+00
150          149.0    -1.4274e-01    0.0000e+00
151          150.0    -1.4256e-01    0.0000e+00
152          151.0    -1.4277e-01    0.0000e+00
153          152.0    -1.4278e-01    0.0000e+00
154          153.0    -1.4331e-01    0.0000e+00
155          154.0    -1.4314e-01    0.0000e+00
156          155.0    -1.4301e-01    0.0000e+00
157          156.0    -1.4323e-01    0.0000e+00
158          157.0    -1.4350e-01    0.0000e+00
159          158.0    -1.4327e-01    0.0000e+00
160          159.0    -1.4351e-01    0.0000e+00
161          160.0    -1.4387e-01    0.0000e+00
162          161.0    -1.4382e-01    0.0000e+00
163          162.0    -1.4420e-01    0.0000e+00
164          163.0    -1.4379e-01    0.0000e+00
165          164.0    -1.4403e-01    0.0000e+00
166          165.0    -1.4431e-01    0.0000e+00
167          166.0    -1.4430e-01    0.0000e+00
168          167.0    -1.4454e-01    0.0000e+00
169          168.0    -1.4447e-01    0.0000e+00
170          169.0    -1.4450e-01    0.0000e+00
171          170.0    -1.4489e-01    0.0000e+00
172          171.0    -1.4494e-01    0.0000e+00
173          172.0    -1.4503e-01    0.0000e+00
174          173.0    -1.4495e-01    0.0000e+00
175          174.0    -1.4522e-01    0.0000e+00
176          175.0    -1.4530e-01    0.0000e+00
177          176.0    -1.4521e-01    0.0000e+00
178          177.0    -1.4553e-01    0.0000e+00
179          178.0    -1.4456e-01    0.0000e+00
180          179.0    -1.4505e-01    0.0000e+00
181          180.0    -1.4523e-01    0.0000e+00
182          181.0    -1.4571e-01    0.0000e+00
183          182.0    -1.4562e-01    0.0000e+00
184          183.0    -1.4574e-01    0.0000e+00
185          184.0    -1.4575e-01    0.0000e+00
186          185.0    -1.4601e-01    0.0000e+00
187          186.0    -1.4576e-01    0.0000e+00
188          187.0    -1.4612e-01    0.0000e+00
189          188.0    -1.4639e-01    0.0000e+00
190          189.0    -1.4613e-01    0.0000e+00
191          190.0    -1.4661e-01    0.0000e+00
192          191.0    -1.4638e-01    0.0000e+00
193          192.0    -1.4659e-01    0.0000e+00
194          193.0    -1.4689e-01    0.0000e+00
195          194.0    -1.4679e-01    0.0000e+00
196          195.0    -1.4679e-01    0.0000e+00
197          196.0    -1.4711e-01    0.0000e+00
198          197.0    -1.4718e-01    0.0000e+00
199          198.0    -1.4705e-01    0.0000e+00
200          199.0    -1.4697e-01    0.0000e+00
201          200.0    -1.4718e-01    0.0000e+00
202          201.0     1.0375e-01    0.0000e+00
203          202.0     1.0810e-01    0.0000e+00
204          203.0     1.0829e-01    0.0000e+00
205          204.0     1.0830e-01    0.0000e+00
206          205.0     1.0792e-01    0.0000e+00
207          206.0     1.0756e-01    0.0000e+00
208          207.0     1.0747e-01    0.0000e+00
209          208.0     1.0691e-01    0.0000e+00
210          209.0     1.0701e-01    0.0000e+00
211          210.0     1.0692e-01    0.0000e+00
212          211.0     1.0663e-01    0.0000e+00
213          212.0     1.0656e-01    0.0000e+00
214          213.0     1.0618e-01    0.0000e+00
215          214.0     1.0585e-01    0.0000e+00
216          215.0     1.0583e-01    0.0000e+00
217          216.0     1.0597e-01    0.0000e+00
218          217.0     1.0586e-01    0.0000e+00
219          218.0     1.0534e-01    0.0000e+00
220          219.0     1.0534e-01    0.0000e+00
221          220.0     1.0370e-01    0.0000e+00
222          221.0     1.0336e-01    0.0000e+00
223          222.0     1.0365e-01    0.0000e+00
224          223.0     1.0323e-01    0.0000e+00
225          224.0     1.0254e-01    0.0000e+00
226          225.0     1.0258e-01    0.0000e+00
227          226.0     1.0221e-01    0.0000e+00
228          227.0     1.0245e-01    0.0000e+00
229          228.0     1.0242e-01    0.0000e+00
230          229.0     1.0415e-01    0.0000e+00
231          230.0     1.1178e-01    0.0000e+00
232          231.0     1.0522e-01    0.0000e+00
233          232.0     1.0173e-01    0.0000e+00
234          233.0     1.0119e-01    0.0000e+00
235          234.0     1.0130e-01    0.0000e+00
236          235.0     1.0123e-01    0.0000e+00
237          236.0     1.0083e-01    0.0000e+00
238          237.0     1.0302e-01    0.0000e+00
239          238.0     1.0525e-01    0.0000e+00
240          239.0     1.0743e-01    0.0000e+00
241          240.0     1.1148e-01    0.0000e+00
242          241.0     1.0311e-01    0.0000e+00
243          242.0     1.0310e-01    0.0000e+00
244          243.0     1.0316e-01    0.0000e+00
245          244.0     1.0299e-01    0.0000e+00
246          245.0     1.0297e-01    0.0000e+00
247          246.0     1.0232e-01    0.0000e+00
248          247.0     1.0183e-01    0.0000e+00
249          248.0     1.0207e-01    0.0000e+00
250          249.0     1.0188e-01    0.0000e+00
251          250.0     1.0204e-01    0.0000e+00
252          251.0     1.0171e-01    0.0000e+00
253          252.0     1.0146e-01    0.0000e+00
254          253.0     1.0160e-01    0.0000e+00
255          254.0     1.0159e-01    0.0000e+00
256          255.0     1.0132e-01    0.0000e+00
257          256.0     1.0108e-01    0.0000e+00
258          257.0     1.0100e-01    0.0000e+00
259          258.0     1.0046e-01    0.0000e+00
260          259.0     1.0070e-01    0.0000e+00
261          260.0     1.0039e-01    0.0000e+00
262          261.0     1.0052e-01    0.0000e+00
263          262.0     1.0035e-01    0.0000e+00
264          263.0     1.0055e-01    0.0000e+00
265          264.0     1.0049e-01    0.0000e+00
266          265.0     9.9799e-02    0.0000e+00
267          266.0     1.0014e-01    0.0000e+00
268          267.0     9.9538e-02    0.0000e+00
269          268.0     9.9356e-02    0.0000e+00
270          269.0     9.9545e-02    0.0000e+00
271          270.0     9.9387e-02    0.0000e+00
272          271.0     9.8930e-02    0.0000e+00
273          272.0     9.9249e-02    0.0000e+00
274          273.0     9.8982e-02    0.0000e+00
275          274.0     9.8847e-02    0.0000e+00
276          275.0     9.8637e-02    0.0000e+00
277          276.0     9.8365e-02    0.0000e+00
278          277.0     9.8528e-02    0.0000e+00
279          278.0     9.8303e-02    0.0000e+00
280          279.0     9.8070e-02    0.0000e+00
281          280.0     9.8294e-02    0.0000e+00
282          281.0     9.7871e-02    0.0000e+00
283          282.0     9.8048e-02    0.0000e+00
284          283.0     9.7754e-02    0.0000e+00
285          284.0     9.7901e-02    0.0000e+00
286          285.0     9.7664e-02    0.0000e+00
287          286.0     9.8666e-02    0.0000e+00
288          287.0     1.0284e-01    0.0000e+00
289          288.0     1.0340e-01    0.0000e+00
290          289.0     1.0335e-01    0.0000e+00
291          290.0     1.0321e-01    0.0000e+00
292          291.0     1.0320e-01    0.0000e+00
293          292.0     1.0310e-01    0.0000e+00
294          293.0     1.0299e-01    0.0000e+00
295          294.0     1.0295e-01    0.0000e+00
296          295.0     1.0268e-01    0.0000e+00
297          296.0     1.0247e-01    0.0000e+00
298          297.0     1.0242e-01    0.0000e+00
299          298.0     1.0241e-01    0.0000e+00
300          299.0     1.0225e-01    0.0000e+00
301          300.0     1.0225e-01    0.0000e+00

